835438
300419
300988
301072
301161
300191
300887
300175
300520
600683
002207
603256
002725
000890
002908
600577
603079
001366
002828
002861
600243
605198
603221
002889
003029
603607
603037
603003
605180
001206
603813
603709
603626
002999
603688
603580
002735
002722
603499
605178
600083
002669
600793
600198
600165
600984
001896
600361
603389
301022
300921
300899
002338
300690
301021
300577
002130
300375
605588
300071
603660
300927
601598
603377
000603
000599
833509
300260
000425
600176
300494
301004
605001
600848
300555
001226
003015
600325
300453
300249
002244
603097
002431
002405
688323
603303
300446
831010
301210
300738
600651
600548
300843
300777
301486
301165
688295
002005
603619
300164
301376
002951
000525
300768
600303
301448
002042
603600
000615
873570
688136
600031
300742
600969
688113
300897
603993
601100
000700
300890
000037
600483
603729
301121
603801
000677
301157
301345
300416
301070
300200
301297
001269
688125
600558
300347
688299
300429
603153
002888
000903
600126
688169
603559
300975
600595
301533
301289
000737
002582
000921
600666
002929
601600
002067
688391
688197
688722
600780
688556
000807
603979
603739
600593
301255
300415
001282
603815
603378
688272
603226
603189
603985
600801
600421
600599
600007
605319
603518
002341
301187
835179
603298
600048
603556
300917
601808
601168
000070
301091
300497
002688
001979
300483
600750
600692
301030
001300
000157
600938
300833
300608
000708
688500
603663
300637
605080
603029
688018
600889
688676
839725
688503
836547
300995
600549
838924
300402
688596
301061
605499
688376
001965
002771
605099
300352
002236
002470
000933
600066
300786
000736
002246
300729
603050
603843
603279
300530
301266
603200
300411
002882
603871
600654
688639
000408
300791
605305
601225
300397
003037
002557
002791
601155
603004
603277
300895
600023
001387
300006
300657
601899
300157
603316
002801
605138
601857
300096
600159
000020
601000
600377
002532
600961
000877
601128
603259
002055
002708
300293
002849
603338
000975
688488
601077
688513
300779
601298
603373
600078
300952
301096
000039
300321
300856
002215
601228
300766
600350
600120
002322
000543
601838
300337
601718
300851
001216
839167
002445
000711
002235
002920
002124
002364
002865
600761
603216
603180
002372
603007
688571
600575
002592
600988
603833
000766
001298
600894
600190
605599
600256
002779
839493
301042
002521
300137
838030
603612
605286
000506
601088
603912
000533
300881
002630
600642
002572
688686
600724
603117
601998
600129
600398
001872
688266
301078
600012
002011
601360
600378
600970
603939
688278
600362
600027
000786
603880
301186
000897
600733
002371
000338
300783
000014
300961
603611
301382
002043
605188
002086
605368
002195
300799
601567
601577
601028
600118
600309
600901
002657
688180
000407
002378
603878
603730
002151
301307
000680
600968
603819
000968
688290
300810
301158
688621
601390
002128
603232
301193
002080
000628
000993
600777
300349
603606
000429
600956
603357
600422
603366
301221
600426
301227
600529
300097
600153
002045
002289
688147
002274
600502
002021
600825
688212
600295
601865
600582
600096
600094
600810
601009
603677
002014
600612
300990
002528
000600
603661
600018
600015
600803
605117
600639
600026
002197
002259
002691
600863
600497
600690
603848
301428
002816
688256
000002
301526
600649
603711
002353
000426
688336
603918
600815
600538
603035
833751
300441
300563
300771
603368
002443
688443
002564
002759
600425
600011
603030
601512
600396
600998
300740
600759
601398
600368
600895
002403
603125
000550
300979
603195
600566
601878
601717
601288
301261
002554
002379
605006
000965
601916
301518
002097
002790
301109
600162
600926
601666
002543
688349
601328
600323
002039
603908
600796
002847
002578
688332
839792
301298
000951
000923
601818
600979
600734
605050
600033
002271
300449
601229
300093
601319
601618
601888
600547
688331
600873
600336
000815
601668
002966
603408
000538
002727
000620
600782
002053
002780
000554
601997
002608
002601
002233
600871
600569
301568
600188
003012
600585
601992
603326
002755
601728
600383
601156
603638
600276
600583
600266
600619
000862
600028
600064
600208
600036
000885
600886
688041
600035
600663
601665
603565
600103
002327
600112
000333
002073
603690
600269
300166
002166
000090
600905
600177
600736
688076
688188
601963
300196
000883
000507
601872
605020
000001
000878
600226
000797
603138
002552
603127
601800
600874
600008
600508
601958
601158
000528
301317
603883
601169
600851
301056
600236
600779
600509
002565
002586
688793
600744
600748
600531
300834
002032
301238
001203
000959
002737
600219
603816
836957
000926
002392
600000
872925
000004
002807
600020
600212
835185
002370
000922
000630
000688
600919
600888
600710
000725
600016
603899
603687
600299
601186
601988
000909
002083
603323
002270
000060
002508
002758
600406
001209
601107
002237
688343
300473
000589
600098
301162
600284
603477
603393
600009
300820
689009
300084
600486
600019
001337
000027
000404
600356
000960
000899
600528
000582
600989
601166
600352
688455
001296
000034
002493
688271
600615
603997
000985
002028
301283
002930
002989
003006
600741
430047
603027
600985
301279
000651
601966
430510
002959
000568
301327
605089
831768
688691
688555
688409
688086
605158
603996
603722
603603
603555
603530
603361
603157
603031
601996
601880
601868
601866
601816
601766
601658
601636
601607
601558
601299
601268
601258
601212
601187
601113
601006
600991
600978
600908
600899
600896
600891
600890
600878
600870
600856
600852
600849
600842
600840
600832
600813
600806
600799
600788
600786
600781
600772
600767
600762
600752
600747
600746
600743
600723
600709
600701
600700
600695
600687
600684
600680
600677
600675
600672
600670
600669
600659
600656
600652
600646
600634
600632
600631
600627
600625
600614
600608
600607
600603
600591
600584
600578
600555
600553
600532
600485
600472
600466
600432
600401
600393
600385
600376
600357
600340
600339
600337
600320
600317
600311
600307
600301
600296
600291
600290
600286
600275
600270
600263
600260
600253
600247
600242
600240
600221
600209
600205
600181
600175
600168
600146
600145
600139
600136
600122
600102
600093
600092
600091
600090
600087
600086
600077
600074
600070
600069
600068
600065
600025
600022
600005
600003
600002
600001
301587
301539
301536
300526
300431
300392
300372
300367
300362
300356
300336
300330
300325
300312
300309
300301
300297
300273
300216
300202
300186
300178
300156
300152
300104
300090
300089
300064
300038
300028
300023
002958
002948
002839
002798
002781
002776
002770
002751
002740
002726
002721
002711
002684
002680
002656
002653
002625
002619
002618
002604
002561
002509
002504
002503
002499
002477
002473
002464
002450
002447
002417
002411
002359
002302
002269
002260
002220
002147
002143
002141
002118
002113
002089
002071
002070
002052
002024
002018
002013
002003
002002
001914
001389
001359
000979
000956
000939
000918
000916
000915
000913
000902
000866
000838
000835
000832
000827
000817
000806
000805
000787
000780
000769
000765
000763
000760
000758
000748
000732
000730
000699
000693
000689
000687
000675
000673
000671
000667
000666
000662
000660
000658
000653
000621
000618
000616
000613
000612
000611
000606
000602
000594
000588
000587
000585
000583
000578
000569
000562
000556
000549
000542
000540
000535
000527
000522
000517
000515
000511
000508
000502
000418
000412
000406
000405
000150
000096
000069
000047
000046
000038
000033
000029
000024
000018
000015
000013
000005
000003
300033
605177
603881
603615
603191
600265
600211
002078
002155
688253
600489
300045
830839
002262
603286
301511
000045
600648
301469
603008
600900
600674
688200
000685
600809
688522
605318
600203
834682
603915
601058
601939
688392
301380
603151
603727
301206
600283
000531
000401
000932
002714
603758
603558
831906
601001
600107
601919
600210
600795
600720
000690
603201
300919
002033
832735
000088
601068
000782
002203
300688
600826
000729
600282
603666
300054
000521
603032
600021
300554
836239
600279
601608
000011
002962
002415
300087
600075
002902
002381
601021
600791
002007
688516
003816
601133
600982
601515
830946
000900
600997
300374
603156
301208
688257
002160
600116
600660
600329
603179
600928
000581
601318
000731
301062
688036
002911
002266
000703
002821
600461
000402
688819
870866
870656
301103
600511
600581
603300
001218
000751
605377
605266
000552
688366
603605
000692
301099
300209
600060
603133
301520
002648
603367
002223
688098
600482
601020
300214
300274
600933
600108
001259
600976
688120
601038
002016
002314
601860
600510
600186
001227
300848
002126
601528
000539
300056
601669
000906
300294
002293
600622
600533
600187
600755
600962
834261
301301
871642
603365
830879
002047
601898
603220
600123
000800
600638
601702
600518
000966
002096
688538
301166
002595
000089
002180
600897
600163
000709
300757
601969
000789
300146
000726
000598
600298
301302
002588
605268
300760
002050
600173
002936
002170
300770
600708
600820
603868
002569
603288
301333
603863
603307
600543
002868
000778
603588
300498
002763
000537
600428
600125
300957
600039
600322
002906
600567
000498
000012
301033
300427
603596
600438
601139
601179
600729
000895
603889
605169
688062
601985
000030
002290
600150
002208
600308
600598
600824
000514
600671
601018
000513
300749
000761
002225
002088
000028
002064
603909
002310
000848
600392
000637
300585
000523
301421
300762
600010
605128
838402
603886
688198
000629
688789
601069
837344
688786
300387
301588
600050
600773
600737
301318
600858
000702
600586
600479
000949
601686
002535
600233
601121
603315
601568
601016
601003
000672
600704
688177
600821
002540
600161
000035
300205
600546
002830
002701
300308
600507
603233
600167
600029
002352
600665
600380
603496
000023
603296
605336
600429
603628
600519
605088
600017
002422
600892
603966
601606
002182
600157
002615
000403
600688
601012
830779
603053
601117
601825
300759
000691
688303
600925
002515
688425
688009
600111
600853
002001
601827
601005
300610
002267
600468
002668
002345
000937
002918
002947
603071
601811
000625
600676
002019
601366
601601
002224
003035
000928
300751
600104
601008
600115
600409
603806
000898
688472
600657
002061
600572
002507
002142
600395
600185
002476
300224
600971
002541
600346
300993
000825
603803
600794
000544
688267
834599
838163
000597
002335
002110
600170
002154
002035
001286
600517
603313
601518
600530
002139
300795
002264
300900
603077
603786
688528
300832
002226
000042
002677
600893
603683
002774
002098
601628
601330
600617
002461
600169
300287
002318
600823
002655
001299
600503
688106
601619
300428
603658
002465
833427
300750
605259
002641
000650
601326
600711
002773
600999
601222
601010
839719
603225
603033
000961
000609
300492
300187
301286
301216
600887
300627
300811
600182
002120
600327
300320
603707
600215
688698
002567
605580
000059
601799
600062
002040
002566
300717
603956
300849
600505
600726
000792
600658
001211
603111
600273
002548
000839
002831
603882
832471
002375
603051
000559
301191
873527
002952
001258
301032
601633
002895
605299
000813
000785
300130
603059
603235
605098
603162
688363
603599
600861
000631
002942
688190
600935
601336
600439
603129
835985
002823
600496
833075
301292
300601
688578
000958
600929
688599
300908
871478
002228
002133
002278
300172
000962
601216
600725
836208
688767
000767
300687
603689
002483
688100
688301
002012
300871
300693
002029
688408
600089
600101
000031
300076
301130
002960
601083
600647
002299
002482
000977
603001
002573
603613
601886
688480
600515
000166
300433
000837
300653
000858
600679
000100
601233
600448
603100
002969
002563
300124
603948
002391
688625
600292
300179
839680
000935
301160
002222
605033
603238
000830
002206
002533
002305
603508
301195
835305
300408
600079
600693
000657
603685
600436
603165
300109
300529
688037
605255
300998
000720
002539
601163
601727
000768
600333
601952
688127
688279
600604
600822
688739
601975
301148
002317
600388
601118
600827
600141
300861
002107
600360
600787
688337
003036
000752
002768
002697
002085
603486
600798
600740
002674
600694
688157
601200
002832
603073
002827
002472
601199
000722
688235
870204
603227
603759
600833
300108
600248
831305
600056
836717
300660
000565
002594
603838
300723
002333
002146
836433
601933
000888
002660
605090
000155
002793
603737
605288
600278
000063
836942
300911
600623
000610
000591
001205
600252
000007
688370
002545
300008
603538
600917
601609
603817
603337
002357
688012
831278
600941
301377
603456
600644
300282
002239
688244
002738
600983
000983
600681
000755
000976
000656
002880
600285
003000
002459
600790
002498
601700
300229
603717
300736
600319
603998
603208
601877
600512
002034
300972
688130
002138
301209
603116
002867
300234
603877
000596
603955
430476
603132
300896
688316
300984
600966
000791
000036
300062
300167
000592
603260
000488
000301
001289
600498
001331
688138
603188
601399
002252
002818
002308
002221
600148
002217
000718
002631
600477
301220
600903
300588
002408
601126
600963
600939
301229
301035
832522
300842
430489
871245
603501
300220
688002
002988
601339
832089
002753
833819
001230
600516
603355
600706
002312
000055
000623
002051
002062
002114
002091
003001
601089
600310
000859
000833
688575
000973
002442
603056
600602
600611
600326
600082
000850
300174
603922
002367
000061
002167
002971
600606
001213
600004
832419
600067
836260
688246
600251
601828
002833
688297
601689
600259
002027
688226
002301
601111
300910
000683
000828
002276
600600
300363
002800
601022
000990
600526
301036
603075
300891
301212
605189
002116
601096
002506
000518
603867
600760
600513
002386
605077
600965
600057
600713
600313
301106
002745
834950
603299
000927
002307
601777
300197
300102
000713
601218
300703
000905
301065
000410
873706
000950
300051
603818
600522
301223
000617
301009
002090
603589
002457
603187
002991
870436
601238
600059
000159
301090
603551
600135
300824
000795
300573
600885
001222
688184
002732
002004
301291
833523
600808
300160
300695
002853
300122
600459
600872
688128
600655
603101
603063
002469
688617
002084
688202
833575
002479
000875
603369
300070
300313
600668
000910
688469
000988
831834
002048
600268
000698
002346
000423
605155
603036
001322
688269
300360
600261
688677
300085
002210
603087
300435
600452
002396
605016
603166
600051
002676
688105
001268
603706
002165
300001
603301
003020
603317
600365
600231
600220
002637
002501
002066
000963
300135
002404
600594
002311
000563
002643
603515
603725
002187
000989
000422
000717
000557
688153
000876
603297
603017
600618
688353
600433
603529
002202
000520
605009
600305
002649
002560
600488
002910
600875
601965
603113
002454
600239
300185
688027
002705
600216
002996
873693
002851
000501
300012
300335
002683
600987
600332
300564
603351
000803
301008
601061
300066
600521
600597
002275
600993
000417
600132
002613
603505
002046
603080
600054
600883
600403
000863
600458
000573
300523
002158
688459
603102
605116
002531
300748
600456
600032
300239
000889
002184
600535
601991
600499
601368
301305
603733
002152
688101
601678
870508
688069
000006
600179
002010
300210
688777
600481
002884
002550
300776
834770
600137
831445
002198
301446
002519
688011
002671
837242
300801
001309
600113
688399
600338
600166
000066
600811
002538
300254
300015
300388
603587
600201
603578
300705
300737
300712
600061
600884
300715
002663
000608
605007
002842
300533
301219
688065
600866
603992
300816
600160
688029
603421
000058
603281
830964
600076
000560
000400
300289
301397
601677
000553
603568
688356
002644
600758
603012
603699
603318
688187
300558
002304
300332
300243
002526
000065
300547
600812
605598
002157
600785
301168
601928
301300
300285
300894
002489
000558
000516
600732
600232
836263
600716
600158
002245
300149
831396
300194
600382
301093
603665
600819
605287
831856
002216
003042
603681
603579
600467
300611
002145
600876
003009
833266
605003
002394
300664
600628
002687
688019
000415
600267
300538
002428
000601
002986
002487
300599
300121
300889
002060
603639
000153
600420
600297
603335
002149
688506
603268
600351
002108
002423
873167
603130
603616
001267
603995
603779
688248
300997
688223
603506
003030
600834
300503
688466
873593
600626
002716
301190
002287
000025
300926
603239
600705
002890
301321
603237
688475
000605
835640
600416
688236
600719
600559
601188
300304
301199
002598
603126
603060
000738
600764
301149
601989
002516
002949
603020
002811
002965
688281
300383
603045
002603
300181
600370
000811
002696
000882
600727
301113
002809
002462
601211
003022
688192
002718
832651
002075
301003
601698
603209
601333
002282
688616
300144
002054
000887
600664
603170
831855
603610
300937
301141
002285
600230
833394
603836
600400
002332
300929
003008
003043
002162
300192
603176
300618
000997
000831
300479
603199
430425
002486
603535
300003
600845
300026
002140
600635
002593
600967
000998
600739
300470
605333
600379
300697
605208
603686
600868
002778
688071
603887
600487
603967
002836
300815
301175
603799
600073
688047
002254
002872
002390
002109
000564
603090
603398
600995
003013
002281
601611
603701
000619
301538
002634
603698
835237
600085
600817
600196
002324
835857
605060
300501
300080
002835
831195
300999
600735
600200
002265
603855
603682
600195
300625
000019
002132
837092
002788
300259
300414
300061
832885
600300
300663
600587
002748
600149
000912
603903
600718
605162
300596
002044
300782
600469
000419
600343
832110
603693
600650
600172
603022
603929
603010
688623
837663
000048
603048
301332
600138
603088
600800
002256
601138
603150
301280
002627
603181
605086
832000
300009
002242
605028
601375
002556
836149
603657
600909
300355
600722
300549
002111
688612
002963
002623
603067
002953
002344
688608
603215
603708
002946
300021
300395
603566
301015
003018
002978
000733
002017
603810
603519
300284
002898
000920
688633
603070
002393
000967
603198
300257
002511
301395
605339
300677
603128
002100
601106
300316
603183
600643
002616
002125
600645
002441
000851
000661
834765
002734
603700
002349
600707
000788
600636
300685
300110
688543
300345
688016
603790
600814
600829
300651
002480
600470
600156
601615
300010
300758
600721
300409
605507
603983
002478
688289
603858
600084
300039
002492
001210
603829
601098
002320
002941
600449
000930
603926
603041
603970
002342
002300
002628
002424
600916
300827
601566
000776
600573
000982
300983
600249
605365
832175
830832
002926
603112
600837
300280
603636
300992
002686
601956
830896
603223
300465
600183
300828
600063
600199
300692
003039
300233
300019
600390
833533
002617
000969
600797
600697
000655
603650
002294
002490
300980
301262
688981
688126
600601
300674
002440
601908
300918
601369
002429
688208
300763
603386
301325
002389
301336
300774
300587
300139
002437
603982
300218
600312
002328
300641
000869
002600
000756
601579
000762
831370
601968
000686
600717
831961
603192
300938
002746
002922
300839
600119
301115
000062
003023
600686
001260
001229
601162
600180
002103
000753
000750
001207
301007
600359
300898
002284
600081
871694
600235
300864
300422
000919
301365
002081
002730
300741
600491
300796
002713
300858
430685
600058
300068
002580
002200
001238
603520
600192
600563
000971
000627
603043
301276
000931
000411
300617
300448
873132
600981
002505
688315
600867
600653
688275
301098
301505
002188
601019
600768
002820
600500
688396
430478
301019
603669
300923
300116
002177
000796
002907
300123
002179
300675
300818
002420
000548
603590
000529
688697
603336
600495
600127
300029
301207
300804
605123
688057
001368
300616
600980
002522
301043
688390
603757
300141
300457
300658
002690
301048
000635
301290
600293
003011
600271
300207
600869
301107
301257
002056
688597
601015
300376
002360
002694
002752
000981
301331
600143
300888
605108
002698
600463
600749
300384
002144
833580
603885
603703
600689
600766
300463
002933
002112
000739
603778
600206
003017
601778
300628
000682
688087
002263
300036
002339
002610
832982
603896
603861
600846
600959
688005
300132
600685
002106
832145
601789
603213
600561
002063
000783
002707
688211
603137
688176
000505
002435
601377
688003
301358
002692
688234
832566
600816
002901
002650
000819
002356
002863
301024
601990
301026
833781
300326
600731
600408
002935
605183
002909
301222
001231
002135
301047
603186
003025
603065
836720
601311
000728
603058
603086
605122
300163
301002
600369
002358
600751
603788
000519
002204
000633
301100
002163
603500
600277
300237
001212
600673
688367
601279
002664
002065
300482
600662
002380
002695
000663
002900
601007
002365
430718
002117
300393
002452
600316
002201
000996
000555
600372
600778
002925
300724
002859
600881
002845
601555
002568
002430
000590
002008
300357
603161
600838
002497
688112
002635
301127
603399
300619
601236
002736
600784
603989
603680
600839
300370
603773
002398
601101
603311
301177
600184
000911
301079
001202
300040
000681
002399
603969
002382
603797
603025
300679
688772
000697
000799
430198
688306
002583
002466
300199
832786
601616
601500
603115
600857
300305
000049
603866
600366
300103
600629
300418
600633
605555
300265
300272
603385
300732
300268
831627
002860
002512
002460
300328
300221
300190
300378
603345
688351
301359
300018
600315
688276
603396
300283
600038
001288
002407
300317
002633
603136
301371
300048
600828
688119
600596
300439
300358
300960
603898
873169
301039
002494
832225
002518
300014
600745
600699
002797
000541
002852
000790
603755
001219
603320
000524
603987
300595
001332
003041
002500
001367
300868
600399
000852
603185
002283
300722
688386
002397
002374
688193
300761
000779
301108
301288
000987
836826
605018
688309
688550
603458
300173
002570
605081
300916
002870
002355
603109
603160
600121
002340
002092
001318
600865
605388
600854
300623
300120
688008
601890
000567
605303
688428
300665
002796
833873
603800
300425
002190
301119
600423
300655
688716
600281
000826
002099
002350
688189
603828
300452
300702
600493
603777
600189
002057
688195
600641
600927
603280
603609
002438
838810
002562
002072
300880
002136
838262
300161
600805
002723
300959
605136
002082
603696
002789
873665
603214
600191
600771
688334
603809
300242
002401
301529
603098
301005
300883
002662
688485
688203
002679
002887
300947
605055
002191
838275
000676
300057
002681
300743
600550
001311
600728
301268
002972
600850
000823
688563
600557
002689
301267
600691
000970
301256
601198
001313
600918
002731
000938
300022
300059
603712
600527
300584
603718
301088
834639
600227
301559
603569
300718
300867
300004
688221
000413
300240
002471
000156
300854
300621
603105
603131
600241
002850
603738
002973
002186
000812
600756
600391
000016
300620
002169
688669
688501
603916
601388
601177
600540
000626
300866
002673
605118
600328
300756
688137
605008
600539
603601
002840
002940
600223
603766
430017
603171
301167
002983
688533
688531
603158
300329
002589
002421
002104
001236
000721
301018
300841
688479
300381
301362
301386
002808
600490
688132
002614
600847
600348
301278
300450
300153
603618
601688
600802
002976
002037
603015
300669
688373
603919
300248
603662
300318
000978
603517
603429
002646
001234
002661
300250
688638
600568
300288
002412
002286
600859
600197
600877
600783
836892
300570
002185
603602
600958
002249
603826
832149
300575
605066
600480
300622
300905
603359
000068
000009
605100
603380
001333
002164
300989
300176
002059
300127
832278
002240
300385
300487
688510
300389
002957
301335
300118
002927
301418
688109
300581
002331
600097
002956
688509
600193
000716
300396
300694
600109
688350
300572
000668
002243
301081
688663
300893
002984
605218
688657
002321
300877
688077
600128
603358
002652
002115
688432
300535
603055
002131
301196
603988
601788
002879
002950
301071
688728
300142
300598
600419
688072
688553
603217
000868
300126
600955
002079
603811
603980
000652
300421
300955
600106
300024
688139
600613
600055
300298
002939
000551
603006
603876
600462
300215
000510
300394
603057
301263
002354
605567
002481
837403
600217
300129
601882
300147
600592
000570
688658
603920
002626
002094
000679
601881
600992
301181
600389
300945
600742
603387
301188
688262
833171
688505
002488
300817
001323
300136
834014
600977
002448
688317
002377
002218
300442
688357
002049
300017
300155
688122
300936
300838
300925
301151
001256
300689
002665
002076
600262
832023
600776
600258
833943
688060
000727
688398
002937
300787
600712
603276
002642
837174
300217
300872
300151
688486
300286
300512
300111
300915
301429
603507
300319
688655
000886
002176
002129
000040
688581
000050
603617
300455
600763
688068
600960
000566
301258
003038
603172
002402
002756
300180
600770
688426
600537
300567
002334
002277
301038
600682
600225
600367
301498
600637
688606
600287
002574
002485
600789
301388
300307
300541
300344
300772
300443
603309
002455
600444
688114
002682
603977
301045
002799
688335
688360
301265
600714
300534
300140
301087
603222
688326
300948
000695
603713
603328
300885
300119
600110
002527
300303
688249
002161
001338
000821
603557
000622
002805
603321
300765
601696
603306
301075
300459
300821
601918
002658
688582
002031
002979
000952
688321
300406
002728
300510
300580
688570
000593
002036
002998
603629
301282
300244
688298
688046
600590
300755
002038
002026
301234
603637
688084
688387
301083
830809
600202
002248
002101
000948
833455
300230
603159
300775
605298
605179
002928
300532
300440
688681
300819
603869
002546
601033
002255
002585
600855
300632
872351
300773
002993
002916
002205
000861
300649
872541
603272
603291
688006
001360
001301
603976
301303
000901
002534
600105
300219
300095
603567
002826
000659
600099
300700
603978
002444
603439
833429
300878
002977
301200
600906
600754
688111
003016
002427
002095
000530
300401
600397
300106
300513
300478
603018
300168
600702
002841
301058
601065
688778
688660
603177
831304
301211
688717
688318
300380
300222
688231
300371
301519
836270
300537
002769
300138
300971
603959
002414
002899
000636
003003
000856
000957
873833
301139
002743
002591
603416
688701
003002
300640
000639
002121
688359
603348
002258
600525
300605
002183
001319
002074
688379
002700
300020
000536
300417
600418
688081
300245
688017
300041
002672
300557
688163
002020
300940
301361
831689
603270
603110
601002
300055
002261
000860
603218
600095
002250
002383
688377
300365
300676
603586
300906
002193
300074
603379
688468
603897
603901
600222
002416
301373
603332
833230
300683
000547
688185
688586
600545
002596
001208
301183
300780
300189
430418
002251
301076
300412
835174
000545
002719
300565
301077
688093
600536
001376
002766
300973
688129
300311
300296
603255
300154
605069
002783
301120
688080
603900
301059
300391
300247
001228
872808
301122
002917
603013
002571
002369
601108
600354
300485
871634
301353
600435
000822
603167
600703
300633
430556
002069
002385
300488
301487
300591
605151
688179
300720
301367
002921
603083
603236
300638
688258
600804
002856
002366
301176
603339
688305
688219
688718
870976
300267
872374
688520
603123
603968
301010
301309
002102
688622
603906
603095
600807
301507
300661
600835
600478
688687
002329
301239
688322
300236
301468
300145
002134
000816
688175
002549
300333
002838
300437
603325
688561
300073
603212
300468
002919
000880
002279
600371
300902
600213
601116
300490
002015
002468
603583
300086
300444
002970
603527
601995
603938
002309
300882
688206
688695
688410
838670
688565
301170
301203
002268
301110
000757
001328
688225
002537
002439
002651
300082
301082
301057
300277
300013
002891
002376
301006
002418
688667
300005
688420
300680
002434
600131
002620
000607
300099
688690
301126
300708
300642
601066
000705
300204
000972
300341
300507
300420
002297
300158
300778
300970
300150
000078
300035
002645
688170
301105
603927
000953
301349
600257
605133
688007
600072
003019
688215
300560
688602
002105
002987
600410
688588
301273
300730
600363
301246
603168
300193
300105
300568
688032
300648
688600
688178
002009
688679
603859
300519
300994
300037
600234
002041
002449
300600
000678
301051
603282
300562
688648
603823
000632
605166
002837
300509
002030
300958
002765
301137
003031
300978
002122
000955
605058
301089
601901
002675
834062
603808
301287
603078
603676
300659
002782
688517
002961
603511
300511
300195
300850
002551
300462
002810
002451
301277
300339
002612
300635
300346
000707
002749
300626
300100
000925
001239
002864
873806
688585
605589
688049
300261
300909
000735
600975
000561
603585
688247
000809
603798
873001
301260
605289
603211
600080
300228
000151
600792
002742
002330
300278
002542
300798
831832
688548
002231
300912
000026
688251
301320
301408
300263
000836
300331
300382
603093
301097
600228
836419
603630
301391
300546
300597
000421
300802
300602
300752
300797
688063
300403
300514
300813
688779
002373
601231
002192
300785
300410
603655
002168
603679
300869
832978
002945
301011
002406
603228
300324
688502
002775
002577
000670
002606
688172
300594
836807
301213
833914
688630
603169
300456
300835
300746
600576
688395
605566
301073
603949
603488
300246
003033
002706
002893
600330
000158
002337
601011
300266
000546
603229
300348
002815
000798
600570
300016
300977
600765
300241
300701
301390
603516
301201
688347
300643
300747
300350
688329
001255
835368
001317
300466
301225
002581
300542
831641
300859
002536
301017
300684
300630
603182
688030
300551
300477
603062
605199
301095
603163
603466
002495
000526
002767
300855
301381
000820
603076
603856
603040
300438
688209
603052
300281
301129
002230
300589
002985
688559
300636
300857
000032
688277
301285
300525
002647
300847
688117
600151
300306
688096
300072
605338
002171
002022
300721
001223
301037
600588
873576
688001
002629
300270
600624
300614
600037
301328
002323
301111
301029
603822
002824
002599
601921
300369
688302
301068
688171
300527
002795
001278
600133
000428
300809
001380
600882
839371
300569
300840
002068
605300
002885
871970
002227
688091
301000
002458
002348
002172
300592
300615
002496
301197
301179
600415
301215
300904
002199
688737
001316
603089
001336
301488
603719
605369
688383
300353
688300
688358
002363
001373
301027
688560
300829
688700
002529
688059
300505
600130
300213
002410
688314
603290
300253
300539
301517
300644
002247
002241
300561
002667
002632
002295
873152
002491
003027
301370
002855
300753
002234
300826
002232
603206
300963
300458
002127
000701
688075
300590
300407
300011
688450
001270
300489
300932
002912
301248
002212
300830
301419
300390
600769
002597
605068
002413
603839
688375
300447
301236
002997
002846
301500
300474
603139
603066
300334
301198
688151
301155
603005
300300
301379
688222
688273
300656
300846
300604
300946
600405
300631
301393
002975
300901
300886
688573
688429
831039
300481
002709
688196
603258
301046
832802
688013
688448
834033
300201
600506
600523
002326
603107
301295
688268
300922
300404
002150
002761
688593
603203
301118
688355
688155
688133
688523
300942
688227
002896
300716
600753
603333
688028
002806
002913
688696
300920
000929
300399
688073
838227
002812
300134
000017
001324
688199
301040
003010
002093
300566
688577
301053
601208
300790
300075
688143
301136
300256
873703
300836
300579
001217
605366
300034
300451
688567
301150
000936
300314
300930
300493
301509
300115
300377
000669
300543
002178
301178
002436
605258
600052
300432
688103
873339
002280
688056
301028
000572
603353
301389
870299
300226
688702
603656
688529
300212
688230
002456
300007
601519
301372
300808
003028
600609
300340
300844
605005
603122
300225
837748
300709
002315
002484
300933
603193
600738
002426
603275
300837
300607
300500
688102
300803
300682
688165
688613
300879
688325
301050
605358
600207
300986
300517
002678
002702
002579
300976
002555
300515
000430
002724
002194
300892
300043
301128
300522
301153
836414
002137
603019
688280
002446
300691
002159
872392
603991
688352
002990
002475
002253
300516
688021
000908
002792
002351
688285
001378
300969
871553
688388
301180
300800
300586
301235
600667
838171
301322
300088
300069
301080
835892
002883
002747
301112
300789
600373
300143
300112
688026
002760
000021
603893
603308
836871
600620
002607
603329
300966
605196
688670
002873
300398
688549
688090
688283
000810
002514
301555
300343
300171
002513
300662
300117
603678
002510
603324
301233
605376
600879
688287
002817
837046
600520
300707
301378
002866
300639
688518
301023
301299
688562
300814
600117
001379
300098
300125
688609
300668
300823
300666
300436
300159
688161
300460
600476
688707
300386
600610
001225
300290
300165
600696
605389
603697
300982
600446
603931
600936
002931
688456
603767
300582
601099
300531
603197
688083
002622
603069
002670
600774
000638
603928
301069
603489
000010
688092
688619
002219
600552
831087
000712
835508
603330
002843
300521
002624
688033
688312
601127
002214
002523
300258
300491
600757
605337
000595
300706
688146
601059
002848
688181
688311
688265
688166
300807
300030
688055
688699
603726
603267
002547
301363
301101
688788
301548
001287
688539
002520
002757
300518
000995
002640
300322
300681
600321
300279
688239
688167
000509
688079
688610
600171
300726
300767
301001
300464
300052
002967
603135
300476
601949
430139
300002
002590
002025
600460
688052
300713
002685
300678
002189
000099
688078
688592
000665
600698
300162
300613
688618
002932
603312
688148
300941
001308
300845
688099
301310
688576
688085
688162
688150
003040
300884
002923
835579
600831
001266
688338
301323
603119
002638
688499
688636
688116
300031
002968
603917
603890
688646
300183
688218
300169
000416
688653
603106
688217
600318
300113
603768
300504
002666
300467
601929
300227
688566
002741
002729
603289
002502
838837
301502
002777
002717
300049
300853
605488
002876
600238
002881
300065
300472
688551
002602
000715
688061
300576
002530
688693
833030
001330
301063
600353
301396
688238
301055
300793
002425
300673
300907
002272
300931
300232
300928
603825
300935
300251
002819
600455
688168
603392
300502
002576
000759
300996
603118
835184
300368
605222
688296
300275
002733
002739
300091
301133
600562
300047
001306
002877
000999
600100
688186
603103
688589
688288
002153
688799
600335
600030
603888
300327
688401
603860
603360
836422
300299
603595
001326
688361
603173
873223
603787
300667
835670
300262
002296
688089
600250
002023
000503
837006
688348
872953
688381
300188
603026
301172
600589
688656
300806
301360
300852
300545
605398
002943
605168
600862
688378
300496
836395
688213
600006
300583
002123
300950
834058
002384
603383
688035
688152
603577
688489
002175
000980
688291
300863
600973
300471
836221
002802
002433
002362
000576
002857
688598
002938
600836
000584
301117
300366
603305
600218
002313
002785
600605
301163
688620
688651
688519
600560
300354
003021
301589
688382
000420
836504
600730
688557
301330
832491
600387
600898
300461
300951
600289
600345
688313
838701
300593
688776
002387
002892
603231
601588
000532
603776
002087
002463
600306
835207
300177
605111
301156
688584
000777
300499
688628
688558
300413
873690
603016
300652
688511
688659
002291
300725
001215
002822
301510
002584
300670
000409
002419
300865
301355
301525
605011
301086
300101
300131
301189
600071
301311
688591
600843
688045
301016
002316
688678
300235
600621
002605
600501
300606
603990
300295
002639
301272
300255
300792
600996
688552
003007
002786
002587
600386
300862
603178
688088
301357
873726
300731
688345
601595
688484
300094
001696
603039
605296
688662
300486
300044
300211
002803
688205
600302
300032
605228
300629
002347
301319
300351
688010
603390
603219
300550
601798
688689
605399
002368
688293
002288
301116
301281
688108
002400
301269
688123
688319
300876
000504
601858
833346
600237
